B-Spline Parameterisation of Torso
 subject: 
 base model: example_data_mean.npy
 shift:  1.60000000e+02  1.74000000e+02
 rho factor:  1.00000000e+00
 [knots, F]:  49
   0.12822827   1.49369285e+02
   0.25645654   1.46402294e+02
   0.38468481   1.43768772e+02
   0.51291309   1.40322952e+02
   0.64114136   1.36104281e+02
   0.76936963   1.31364834e+02
   0.89759790   1.26583889e+02
   1.02582617   1.20169631e+02
   1.15405444   1.14468349e+02
   1.28228272   1.09934402e+02
   1.41051099   1.07158549e+02
   1.53873926   1.09074037e+02
   1.66696753   1.13530007e+02
   1.79519580   1.19704950e+02
   1.92342407   1.25398186e+02
   2.05165235   1.31369383e+02
   2.17988062   1.36443477e+02
   2.30810889   1.40521182e+02
   2.43633716   1.44127821e+02
   2.56456543   1.47314607e+02
   2.69279370   1.50260740e+02
   2.82102197   1.51424387e+02
   2.94925025   1.52469773e+02
   3.07747852   1.53500624e+02
   3.20570679   1.53409764e+02
   3.33393506   1.51485911e+02
   3.46216333   1.48634063e+02
   3.59039160   1.43807390e+02
   3.71861988   1.37610032e+02
   3.84684815   1.31135239e+02
   3.97507642   1.26036577e+02
   4.10330469   1.21830652e+02
   4.23153296   1.17698037e+02
   4.35976123   1.14790031e+02
   4.48798951   1.11839173e+02
   4.61621778   1.12347335e+02
   4.74444605   1.14551363e+02
   4.87267432   1.18163338e+02
   5.00090259   1.21784860e+02
   5.12913086   1.25872559e+02
   5.25735913   1.31802769e+02
   5.38558741   1.37692393e+02
   5.51381568   1.43512780e+02
   5.64204395   1.48499774e+02
   5.77027222   1.51767877e+02
   5.89850049   1.53262692e+02
   6.02672876   1.52469770e+02
   6.15495704   1.52048072e+02
   6.28318531   1.51401477e+02
