B-Spline Parameterisation of Torso
 subject: 
 base model: ST4_A_boundary_sf0700.csv
 shift: -1.74178954e+02 -1.79338806e+02
 rho factor:  1.00000000e+00
 [knots, F]:  50
   0.00000000   1.64530885e+02
   0.12566371   1.54450854e+02
   0.25132741   1.51866662e+02
   0.37699112   1.51713173e+02
   0.50265482   1.49743123e+02
   0.62831853   1.43220296e+02
   0.75398224   1.35151895e+02
   0.87964594   1.25770727e+02
   1.00530965   1.15303922e+02
   1.13097336   1.07982031e+02
   1.25663706   1.05169232e+02
   1.38230077   1.05954613e+02
   1.50796447   1.09759939e+02
   1.63362818   1.16107059e+02
   1.75929189   1.23774082e+02
   1.88495559   1.31099360e+02
   2.01061930   1.36525961e+02
   2.13628300   1.40287249e+02
   2.26194671   1.42963754e+02
   2.38761042   1.46153830e+02
   2.51327412   1.52728163e+02
   2.63893783   1.64292168e+02
   2.76460154   1.73280129e+02
   2.89026524   1.78694767e+02
   3.01592895   1.82773915e+02
   3.14159265   1.85239728e+02
   3.26725636   1.85048727e+02
   3.39292007   1.79362405e+02
   3.51858377   1.61908813e+02
   3.64424748   1.46329233e+02
   3.76991118   1.36227931e+02
   3.89557489   1.28484760e+02
   4.02123860   1.22798243e+02
   4.14690230   1.18490566e+02
   4.27256601   1.15190941e+02
   4.39822972   1.12923144e+02
   4.52389342   1.13625392e+02
   4.64955713   1.15430113e+02
   4.77522083   1.18827699e+02
   4.90088454   1.23550395e+02
   5.02654825   1.29728744e+02
   5.15221195   1.37136278e+02
   5.27787566   1.45766963e+02
   5.40353936   1.54644644e+02
   5.52920307   1.68224604e+02
   5.65486678   1.84851291e+02
   5.78053048   1.88459518e+02
   5.90619419   1.86231939e+02
   6.03185789   1.81041849e+02
   6.15752160   1.74455249e+02
